Compound=>['Drug-A_GeneOff', 'Drug-A', 'DMSO_Drug-A_GeneOff']	Drug-A 45.7 nM DMSO_Drug-A_GeneOff 0.1 % 	Drug-A 137.2 nM DMSO_Drug-A_GeneOff 0.1 % 	Drug-A 411.5 nM DMSO_Drug-A_GeneOff 0.1 % 	Drug-A 1234.6 nM DMSO_Drug-A_GeneOff 0.1 % 	Drug-A 3703.7 nM DMSO_Drug-A_GeneOff 0.1 % 	Drug-A 11111.1 nM DMSO_Drug-A_GeneOff 0.1 % 	Drug-A 33333.3 nM DMSO_Drug-A_GeneOff 0.1 % 
0.0	0.012503862	0.0	0.0	-0.05389303	-0.034540236	-0.07091552	-0.05426985
3.0	0.004627824	0.0	0.0	-0.07294661	-0.043539703	-0.07001066	-0.05773002
6.0	0.0025564432	0.0	-0.007143438	-0.063491344	-0.036931276	-0.06164533	-0.04372281
9.0	0.009067953	0.0	-0.018498719	-0.056988597	-0.034582376	-0.054039776	-0.038828254
12.0	-0.0022818446	-0.005120039	-0.034724407	-0.05048254	-0.036649913	-0.06286004	-0.04370731
15.0	-0.0054308176	-0.0054308176	-0.04896947	-0.042653233	-0.034707606	-0.052089334	-0.033127666
18.0	-0.0016714334	-0.0017974377	-0.056581434	-0.038735986	-0.043433845	-0.043192923	-0.028044462
21.0	-0.0009712577	-0.0009712577	-0.047524855	-0.016137391	-0.04817003	-0.043353677	-0.029632032
24.0	-0.0045746565	-0.0057116942	-0.05886974	-0.018681496	-0.040069938	-0.055847645	-0.025066257
27.0	-0.002457559	-0.011646975	-0.06594619	-0.014871776	-0.042383134	-0.048478663	-0.016955614
30.0	-0.0024698377	-0.028638631	-0.06787276	-0.016706347	-0.039090753	-0.04218179	-0.014420271
33.0	-0.0013196468	-0.030468848	-0.07465282	-0.016937792	-0.03258139	-0.035915494	-0.014645994
36.0	-0.0030625463	-0.027618304	-0.077944204	-0.010924935	-0.025324702	-0.026116848	-0.0056287646
39.0	0.0043092966	-0.03542962	-0.07438728	-0.013904452	-0.026197135	-0.02783966	-0.011289895
42.0	0.0001898408	-0.047855925	-0.07522015	-0.013005793	-0.024970531	-0.032204986	-0.012020886
45.0	-0.0032569766	-0.041440316	-0.08085412	-0.011669159	-0.015195608	-0.031956673	-0.012886465
48.0	-0.009029508	-0.039020404	-0.08533332	-0.014118969	-0.021051526	-0.028936386	-0.0104320645
51.0	-0.0035883784	-0.030397061	-0.08396655	-0.010377765	-0.01900202	-0.018968701	-0.00994736
54.0	0.0007187724	-0.02836445	-0.08387673	-0.01261735	-0.020357013	-0.027992487	-0.011687875
57.0	-0.00013893843	-0.029228227	-0.096496776	-0.007878363	-0.017890394	-0.028564394	-0.010600746
60.0	-0.001987636	-0.032770768	-0.0870789	-0.004618883	-0.014649808	-0.02183491	-0.006556034
63.0	-0.0020335913	-0.026224311	-0.08844869	-0.0059427023	-0.015049458	-0.019727528	-0.006798744
66.0	-0.007815751	-0.021527767	-0.09485529	-0.0067685843	-0.016032457	-0.030333757	-0.008257747
69.0	-0.004042099	-0.016531147	-0.07908331	-0.007973373	-0.015823603	-0.026049137	-0.009978831
72.0	-0.005763364	-0.019936427	-0.07623431	-0.01052326	-0.017860532	-0.022552848	-0.0082111955
Compound=>['Drug-B_GeneOff', 'Drug-B', 'DMSO_Drug-B_GeneOff']	Drug-B 45.7 nM DMSO_Drug-B_GeneOff 0.1 % 	Drug-B 137.2 nM DMSO_Drug-B_GeneOff 0.1 % 	Drug-B 411.5 nM DMSO_Drug-B_GeneOff 0.1 % 	Drug-B 1234.6 nM DMSO_Drug-B_GeneOff 0.1 % 	Drug-B 3703.7 nM DMSO_Drug-B_GeneOff 0.1 % 	Drug-B 11111.1 nM DMSO_Drug-B_GeneOff 0.1 % 	Drug-B 33333.3 nM DMSO_Drug-B_GeneOff 0.1 % 
0.0	-0.11106029	-0.07733643	-0.11566741	-0.12591054	-0.068383634	-0.15966749	-0.11074224
3.0	-0.1077262	-0.069102526	-0.100374065	-0.10022871	-0.040998906	-0.1478416	-0.07809973
6.0	-0.09921974	-0.058526725	-0.12188542	-0.13077605	-0.048114598	-0.14098623	-0.08189444
9.0	-0.10742152	-0.04937184	-0.15336975	-0.15016836	-0.046503365	-0.13758856	-0.07592335
12.0	-0.10449144	-0.06376177	-0.15839672	-0.1513854	-0.049195454	-0.13286427	-0.075448036
15.0	-0.09978244	-0.06682134	-0.11257121	-0.1532726	-0.065545976	-0.12129578	-0.06921643
18.0	-0.113021314	-0.09014365	-0.117408186	-0.1508618	-0.0768978	-0.12613162	-0.07533246
21.0	-0.10905063	-0.08519313	-0.113962024	-0.14357668	-0.06477255	-0.12911552	-0.07569823
24.0	-0.12007694	-0.09407316	-0.12628391	-0.14441332	-0.0842621	-0.12862128	-0.07286209
27.0	-0.121201575	-0.08886656	-0.12494059	-0.13366494	-0.08424392	-0.11445314	-0.06950566
30.0	-0.11443767	-0.08334538	-0.11648348	-0.11844909	-0.08102563	-0.11199677	-0.067605734
33.0	-0.09634593	-0.0703208	-0.10088062	-0.087331384	-0.0796943	-0.10240471	-0.06625694
36.0	-0.10355349	-0.07653436	-0.100313485	-0.07752943	-0.078627735	-0.09291071	-0.061481893
39.0	-0.09586847	-0.07349244	-0.08708012	-0.057337016	-0.072576165	-0.08535665	-0.045959234
42.0	-0.08976865	-0.078415245	-0.08538079	-0.045768857	-0.06169793	-0.080218196	-0.057076037
45.0	-0.092828825	-0.08064036	-0.083712384	-0.04398209	-0.06898171	-0.08151752	-0.051888406
48.0	-0.09617545	-0.07326925	-0.08071941	-0.035099328	-0.063002765	-0.077483535	-0.05676025
51.0	-0.094364375	-0.061261624	-0.086639404	-0.026067317	-0.056521297	-0.07894993	-0.053418696
54.0	-0.09010425	-0.06404962	-0.082666576	-0.017336547	-0.04979545	-0.06995344	-0.050670862
57.0	-0.08037816	-0.059821427	-0.0721128	-0.0069452524	-0.044182777	-0.063436806	-0.046818197
60.0	-0.07312406	-0.056425303	-0.06695528	-0.00024020672	-0.03740847	-0.061469376	-0.03653586
63.0	-0.07489486	-0.058719248	-0.067589894	-0.00018823147	-0.038575172	-0.059690952	-0.041629314
66.0	-0.05963877	-0.050045103	-0.055672914	0.011020958	-0.026638329	-0.053853095	-0.03712195
69.0	-0.05912341	-0.05242098	-0.05764629	0.008430123	-0.027927697	-0.048127294	-0.036420286
72.0	-0.05174487	-0.042059034	-0.052238494	0.0150747895	-0.029459357	-0.047956765	-0.03281015
Compound=>['Drug-C_GeneOff', 'Drug-C', 'DMSO_Drug-C_GeneOff']	Drug-C 1.4 nM DMSO_Drug-C_GeneOff 0.1 % 	Drug-C 2.11 nM DMSO_Drug-C_GeneOff 0.1 % 	Drug-C 3.16 nM DMSO_Drug-C_GeneOff 0.1 % 	Drug-C 4.74 nM DMSO_Drug-C_GeneOff 0.1 % 	Drug-C 7.11 nM DMSO_Drug-C_GeneOff 0.1 % 	Drug-C 10.67 nM DMSO_Drug-C_GeneOff 0.1 % 	Drug-C 16.0 nM DMSO_Drug-C_GeneOff 0.1 % 
0.0	-0.023889542	-0.016617775	-0.023889542	-0.023889542	-0.023889542	-0.023889542	-0.023889542
3.0	-0.025321305	-0.016153142	-0.034557104	-0.034557104	-0.034557104	-0.033679724	-0.034557104
6.0	-0.022403002	-0.014235392	-0.032333642	-0.02931279	-0.02931279	-0.023985207	-0.02931279
9.0	-0.011569858	-0.010535061	-0.01734966	-0.01734966	-0.01734966	-0.006189704	-0.01734966
12.0	-0.019465506	-0.017013371	-0.019465506	-0.019465506	-0.019465506	-0.00061893463	0.011029005
15.0	-0.01717484	-0.01717484	-0.01717484	-0.01717484	-0.01717484	0.012437403	0.041039906
18.0	-0.018063903	-0.018063903	-0.018063903	-0.018063903	-0.018063903	0.018002987	0.047583647
21.0	-0.015553951	-0.015553951	-0.015553951	-0.015553951	-0.015553951	0.03369963	0.049849465
24.0	-0.024661124	-0.024661124	-0.024661124	-0.024661124	-0.024661124	0.023337066	0.046884395
27.0	-0.02071321	-0.02071321	-0.02071321	-0.02071321	-0.02071321	0.032398283	0.055608973
30.0	-0.027554393	-0.027554393	-0.027554393	-0.027554393	-0.027554393	0.031017423	0.058813684
33.0	-0.024183393	-0.024183393	-0.024183393	-0.024183393	-0.024183393	0.038934767	0.07139496
36.0	-0.020923615	-0.020923615	-0.020923615	-0.020923615	-0.020923615	0.03724786	0.07693204
39.0	-0.019786835	-0.019786835	-0.019786835	-0.019786835	-0.019786835	0.04432404	0.07518949
42.0	-0.029038906	-0.030480027	-0.030480027	-0.030480027	-0.030480027	0.03327198	0.07164393
45.0	-0.023808777	-0.027607441	-0.027607441	-0.027607441	-0.027607441	0.03723073	0.06974782
48.0	-0.01627767	-0.019183517	-0.019183517	-0.019183517	-0.019183517	0.035559893	0.07637168
51.0	-0.020477653	-0.022403121	-0.022403121	-0.022403121	-0.022403121	0.03136885	0.07467149
54.0	-0.015109956	-0.021943808	-0.021943808	-0.021943808	-0.021943808	0.02655363	0.07193448
57.0	-0.011593163	-0.016741157	-0.016741157	-0.016741157	-0.016741157	0.025754571	0.0763416
60.0	-0.011324048	-0.015679717	-0.015679717	-0.015679717	-0.015679717	0.019261658	0.07605725
63.0	-0.01044482	-0.014535069	-0.014535069	-0.014535069	-0.014535069	0.013436854	0.07370326
66.0	-0.0077468157	-0.011297166	-0.011297166	-0.011297166	-0.011297166	0.011922061	0.07063559
69.0	-0.005417049	-0.008705914	-0.008705914	-0.008705914	-0.008705914	0.00904882	0.06714987
72.0	-0.0045366287	-0.009451807	-0.009451807	-0.009451807	-0.009451807	0.0064418316	0.06297627
Compound=>['Drug-A_GeneOff', 'Drug-A', 'DMSO_Drug-A_GeneOff']	Drug-A 45.7 nM DMSO_Drug-A_GeneOff 0.1 % 	Drug-A 137.2 nM DMSO_Drug-A_GeneOff 0.1 % 	Drug-A 411.5 nM DMSO_Drug-A_GeneOff 0.1 % 	Drug-A 1234.6 nM DMSO_Drug-A_GeneOff 0.1 % 	Drug-A 3703.7 nM DMSO_Drug-A_GeneOff 0.1 % 	Drug-A 11111.1 nM DMSO_Drug-A_GeneOff 0.1 % 	Drug-A 33333.3 nM DMSO_Drug-A_GeneOff 0.1 % 
0.0	0.015873432	0.02849996	-0.0008892417	-0.0113402605	0.041306198	-0.027914286	0.07268351
3.0	0.033359945	0.031276226	0.01387614	0.0005132556	0.028033495	-0.059811115	0.0546149
6.0	0.047202528	0.04931736	0.019934654	0.0123051405	0.030138671	-0.064548075	0.044932425
9.0	0.029626697	0.03263812	-0.0060691014	0.0039567053	-0.011121988	-0.036172092	-0.0073842406
12.0	0.01783657	0.034781456	0.011499554	0.005209461	-0.011983246	-0.0468179	0.0050373077
15.0	0.013236292	0.026042871	0.017254695	-0.004971072	-0.019031882	-0.05674097	0.0014515221
18.0	0.01041913	0.017283402	0.015221059	-0.011767387	-0.026334107	-0.0627352	-0.01918447
21.0	-0.022558093	-0.00783135	-0.010436058	-0.0276618	-0.04345852	-0.07758927	-0.032427907
24.0	-0.012456298	-0.012741968	-0.020740375	-0.023503602	-0.030703068	-0.07315266	-0.026639938
27.0	-0.0068476796	-0.02401939	-0.026948065	-0.03245023	-0.03300804	-0.0795542	-0.029627264
30.0	-0.020990565	-0.026959151	-0.04856938	-0.04296708	-0.044209838	-0.08094984	-0.04786849
33.0	-0.030068487	-0.029629648	-0.05028215	-0.05176729	-0.04294902	-0.0822953	-0.047184706
36.0	-0.023849964	-0.023217589	-0.039661437	-0.05646351	-0.05384159	-0.07481265	-0.04787326
39.0	-0.02302587	-0.021456689	-0.03830087	-0.046567082	-0.045786202	-0.07512957	-0.050140142
42.0	-0.010309234	-0.025265902	-0.029122293	-0.044231296	-0.039615452	-0.068247974	-0.041543305
45.0	-0.009427145	-0.02162908	-0.021963745	-0.026940405	-0.03401649	-0.060323	-0.04437971
48.0	-0.0142252445	-0.019437492	-0.023691177	-0.022176266	-0.032281697	-0.05682999	-0.039607763
51.0	-0.01801756	-0.017038256	-0.01970619	-0.019276142	-0.03453201	-0.059353054	-0.03222835
54.0	-0.019339472	-0.010929048	-0.01861453	-0.01875782	-0.02857691	-0.05448985	-0.035007417
57.0	-0.0094086975	-0.0011521876	-0.0150102675	-0.0111172795	-0.020537198	-0.054073572	-0.03536254
60.0	-0.012047827	-0.0069292933	-0.008595675	-0.003624022	-0.026437819	-0.04680735	-0.027816951
63.0	-0.012598619	-0.008397028	-0.007325083	-0.0005198717	-0.024069965	-0.05230564	-0.023346543
66.0	-0.016875431	-0.01317586	-0.012245774	0.0021414459	-0.028072178	-0.044258893	-0.022850037
69.0	-0.016181603	-0.013026357	-0.0071995407	0.0055575967	-0.02610296	-0.05695653	-0.021681309
72.0	-0.01796636	-0.011484861	-0.011005938	0.0046537817	-0.027691722	-0.05204612	-0.02512455
Compound=>['Drug-B_GeneOff', 'Drug-B', 'DMSO_Drug-B_GeneOff']	Drug-B 45.7 nM DMSO_Drug-B_GeneOff 0.1 % 	Drug-B 137.2 nM DMSO_Drug-B_GeneOff 0.1 % 	Drug-B 411.5 nM DMSO_Drug-B_GeneOff 0.1 % 	Drug-B 1234.6 nM DMSO_Drug-B_GeneOff 0.1 % 	Drug-B 3703.7 nM DMSO_Drug-B_GeneOff 0.1 % 	Drug-B 11111.1 nM DMSO_Drug-B_GeneOff 0.1 % 	Drug-B 33333.3 nM DMSO_Drug-B_GeneOff 0.1 % 
0.0	-0.014880203	0.022052974	0.038359284	-0.047785163	-0.0043549538	0.038739264	-0.0091941655
3.0	-0.0054809004	0.032448947	0.018612027	-0.04922068	0.017900646	0.07077025	-3.388524e-05
6.0	0.013486475	0.028900921	0.03281629	-0.02878952	0.03868214	0.069463104	0.012026846
9.0	0.009169683	0.01172594	0.046373755	-0.0021228194	0.033702835	0.046502233	0.008940071
12.0	0.008262187	0.011664122	0.05184278	-0.0023327768	0.026390225	0.027231485	-0.019356728
15.0	0.0074106306	0.028699398	0.048095718	-0.0016437471	0.008330062	0.026121438	-0.015204817
18.0	0.0071329772	0.025307506	0.059496418	-0.0047129393	0.0008698106	0.023209453	-0.0325076
21.0	0.0026316866	0.028276384	0.05549389	-0.0049990714	-0.006569773	0.018436223	-0.030897439
24.0	0.0076265484	0.014324859	0.04654652	-0.017045528	-0.020046175	0.019806564	-0.038354814
27.0	0.0104570985	0.014697328	0.020789385	-0.022086844	-0.028156161	0.0088843405	-0.03677118
30.0	0.023772895	0.028577283	0.016706944	-0.019389033	-0.028006822	0.008327752	-0.036738932
33.0	0.021913975	0.027696922	0.019461453	-0.026608318	-0.04964292	-0.006593406	-0.048036933
36.0	0.017064393	0.026567757	0.019985184	-0.033835888	-0.045893133	-0.009911716	-0.053428173
39.0	0.00951691	0.024289906	0.032876983	-0.042224616	-0.053839803	-0.0063738227	-0.049368143
42.0	0.016557962	0.03564462	0.059133857	-0.025356948	-0.033108234	-0.009384513	-0.041760564
45.0	0.01975654	0.036758766	0.066008	-0.020522743	-0.023299843	0.0045449734	-0.030233443
48.0	0.012126267	0.029787377	0.06857324	-0.020800114	-0.02618587	-0.0011193752	-0.016216516
51.0	0.01391758	0.023113012	0.06410363	-0.016084135	-0.021312445	-0.0019034743	-0.016208827
54.0	0.010746926	0.018506214	0.044591278	-0.01086694	-0.025220066	-0.0025211573	-0.02688098
57.0	-0.0022664517	0.011820823	0.025095046	-0.018333703	-0.031202853	-0.0028072596	-0.01797223
60.0	0.0029859096	0.014755905	0.01668325	-0.013551265	-0.019653082	0.0045731664	-0.023702323
63.0	0.008030191	0.014463514	0.015047371	-0.005846143	-0.02520895	-0.004999876	-0.018654346
66.0	0.0012257844	0.008583158	0.013236284	-0.0022139251	-0.025470316	-0.009797454	-0.020804584
69.0	0.00810571	0.011276007	0.021042705	0.0066246986	-0.017956823	-0.0038179755	-0.015009165
72.0	-0.0033562928	0.0067586303	0.012127101	0.0017980933	-0.032815933	-0.0025945902	-0.008626461
Compound=>['Drug-C_GeneOff', 'Drug-C', 'DMSO_Drug-C_GeneOff']	Drug-C 1.4 nM DMSO_Drug-C_GeneOff 0.1 % 	Drug-C 2.11 nM DMSO_Drug-C_GeneOff 0.1 % 	Drug-C 3.16 nM DMSO_Drug-C_GeneOff 0.1 % 	Drug-C 4.74 nM DMSO_Drug-C_GeneOff 0.1 % 	Drug-C 7.11 nM DMSO_Drug-C_GeneOff 0.1 % 	Drug-C 10.67 nM DMSO_Drug-C_GeneOff 0.1 % 	Drug-C 16.0 nM DMSO_Drug-C_GeneOff 0.1 % 
0.0	-0.015524514	-0.022373281	-0.084493816	-0.045695603	-0.09447771	-0.09447771	-0.06823136
3.0	-0.028021902	-0.012900218	-0.055363595	-0.057859898	-0.10685533	-0.10685533	-0.062134087
6.0	-0.011261165	-0.0013047457	-0.055165768	-0.04834646	-0.09500295	-0.10515267	-0.049808674
9.0	-0.027667254	-0.01744315	-0.06818186	-0.043023884	-0.07376957	-0.10771805	-0.06555037
12.0	-0.0255588	-0.026542976	-0.08546454	-0.04368469	-0.07161021	-0.108805895	-0.06419176
15.0	-0.027146176	-0.01395525	-0.07908343	-0.04176964	-0.07082552	-0.10032734	-0.060060874
18.0	-0.022636011	-0.016563132	-0.06828983	-0.03956431	-0.06950855	-0.102434605	-0.063444555
21.0	-0.0105781555	-0.0039448887	-0.05101849	-0.027681112	-0.060240626	-0.07410908	-0.0537858
24.0	-0.007331416	0.0006506443	-0.04675615	-0.03510624	-0.05306977	-0.07081413	-0.050140664
27.0	-0.0065155625	0.0016002506	-0.05107768	-0.0297274	-0.046827078	-0.06361455	-0.039237738
30.0	-0.009135351	0.0047082305	-0.054835483	-0.03703648	-0.03807193	-0.074363425	-0.03521669
33.0	-0.0062758327	0.0029819906	-0.05060494	-0.02990657	-0.045357823	-0.061316833	-0.032712057
36.0	-0.008531526	-0.005619094	-0.060474157	-0.030825555	-0.04254353	-0.058520094	-0.030240998
39.0	-0.0069876164	-0.002023697	-0.05214812	-0.02764231	-0.033947587	-0.055570304	-0.023881197
42.0	-0.00032232702	-0.0008699894	-0.041291803	-0.02315414	-0.03296745	-0.04325983	-0.018488452
45.0	-0.00057703257	-0.0038788319	-0.03452617	-0.02202195	-0.029024005	-0.039037943	-0.016076058
48.0	-0.004193306	-0.009481072	-0.03840138	-0.029740036	-0.03413713	-0.039131492	-0.019391209
51.0	-0.006128229	-0.014496505	-0.043064877	-0.031020522	-0.035156846	-0.037559964	-0.02343136
54.0	-0.006452225	-0.021503985	-0.036809653	-0.030356944	-0.030206203	-0.040939406	-0.024419159
57.0	-0.005819857	-0.014960647	-0.033332445	-0.026597023	-0.024624765	-0.035558738	-0.022491634
60.0	-0.012091592	-0.012900412	-0.036045194	-0.024317905	-0.023021042	-0.03281028	-0.023089595
63.0	-0.010391735	-0.012188375	-0.031326614	-0.023097515	-0.02027458	-0.028378181	-0.020926699
66.0	-0.0067428276	-0.012645662	-0.026014887	-0.022353321	-0.020216167	-0.024479978	-0.023241207
69.0	-0.0056841597	-0.013093699	-0.022167113	-0.020494718	-0.016653359	-0.024177603	-0.023351159
72.0	-0.004959766	-0.013957098	-0.016994644	-0.018088818	-0.012470126	-0.021639802	-0.023822248
Compound=>['Drug-A_GeneOff', 'Drug-A', 'DMSO_Drug-A_GeneOff']	Drug-A 45.7 nM DMSO_Drug-A_GeneOff 0.1 % 	Drug-A 137.2 nM DMSO_Drug-A_GeneOff 0.1 % 	Drug-A 411.5 nM DMSO_Drug-A_GeneOff 0.1 % 	Drug-A 1234.6 nM DMSO_Drug-A_GeneOff 0.1 % 	Drug-A 3703.7 nM DMSO_Drug-A_GeneOff 0.1 % 	Drug-A 11111.1 nM DMSO_Drug-A_GeneOff 0.1 % 	Drug-A 33333.3 nM DMSO_Drug-A_GeneOff 0.1 % 
0.0	0.054469205	0.05129403	-0.0071205497	0.043268032	-0.046020746	0.0629756	0.03382884
3.0	0.0385708	0.0654397	0.008064508	0.0489076	-0.063552365	0.04022175	0.028171748
6.0	0.03201598	0.062193215	0.0064613223	0.01412718	-0.05571559	0.024047494	0.00576064
9.0	0.0287932	0.045817018	-0.011232257	-0.008835658	-0.07190409	-0.0012984574	-0.017034292
12.0	0.05527091	0.038887203	0.011724472	0.015317902	-0.051971823	0.010807782	0.00809139
15.0	0.004637882	0.011095703	-0.020799339	-0.011855692	-0.068789124	-0.0056904256	-0.030156434
18.0	0.022128403	0.025865316	0.023584522	-0.021728575	-0.05145949	-0.009785503	-0.020438105
21.0	0.026320994	0.026257932	0.018807508	-0.0047003925	-0.050717294	-0.02055198	-0.021582812
24.0	0.018132135	0.052941263	0.02721624	-0.009430945	-0.05031085	-0.026225	-0.0076780617
27.0	0.03358278	0.069668174	0.012150176	-0.015929013	-0.04825902	-0.01429224	-0.02918017
30.0	0.04642486	0.07582524	0.021119282	-0.01913321	-0.0561803	-0.00993526	-0.03129661
33.0	0.07444996	0.10869461	0.038638398	-0.012459964	-0.0382753	0.010094702	-0.016685963
36.0	0.08122039	0.11291832	0.06767899	0.009215057	-0.034344614	0.020239353	-0.014903784
39.0	0.07961837	0.11014193	0.06291281	-7.8201294e-05	-0.02812481	0.010436416	-0.007982552
42.0	0.08233088	0.113704264	0.069051445	0.003818512	-0.03372979	0.008205473	-0.02887696
45.0	0.081014216	0.1030162	0.07782912	-0.004031539	-0.036612928	0.013025045	0.004151225
48.0	0.0831095	0.104227066	0.06819415	-0.0008633733	-0.03875369	0.023565292	-0.034390926
51.0	0.082762	0.10469419	0.06522572	0.00070774555	-0.028781414	0.01644659	-0.0007981658
54.0	0.07958853	0.104931414	0.060287833	0.0072278976	-0.0310449	0.01710689	-0.02210778
57.0	0.07438481	0.09939331	0.052934766	0.0056039095	-0.029468477	0.017094672	-0.024048388
60.0	0.07165873	0.10396135	0.05326754	0.0015141368	-0.025245726	0.009822369	-0.009950161
63.0	0.06621289	0.101389766	0.049049735	-0.006282091	-0.026583314	-0.00084483624	-0.016543686
66.0	0.06301528	0.104409516	0.045542896	-0.0068359375	-0.024894357	-0.0066866875	-0.012318015
69.0	0.052267075	0.09402597	0.04434055	-0.010899425	-0.019275784	-0.011427224	-0.027530313
72.0	0.06385189	0.092393994	0.037910342	-0.0110116005	-0.022033274	-0.013320982	-0.028306961
Compound=>['Drug-B_GeneOff', 'Drug-B', 'DMSO_Drug-B_GeneOff']	Drug-B 45.7 nM DMSO_Drug-B_GeneOff 0.1 % 	Drug-B 137.2 nM DMSO_Drug-B_GeneOff 0.1 % 	Drug-B 411.5 nM DMSO_Drug-B_GeneOff 0.1 % 	Drug-B 1234.6 nM DMSO_Drug-B_GeneOff 0.1 % 	Drug-B 3703.7 nM DMSO_Drug-B_GeneOff 0.1 % 	Drug-B 11111.1 nM DMSO_Drug-B_GeneOff 0.1 % 	Drug-B 33333.3 nM DMSO_Drug-B_GeneOff 0.1 % 
0.0	-0.069399804	-0.0604316	-0.019317962	-0.07980478	-0.05963876	-0.040206075	-0.0074248984
3.0	-0.046265937	-0.026615016	-0.013847232	-0.072833836	-0.027737387	-0.020023674	0.028649509
6.0	-0.06099704	-0.03275615	-0.017968051	-0.05543071	-0.035785675	-0.023537457	0.0037902296
9.0	-0.059592158	-0.03586837	-0.015562333	-0.034585327	-0.04161012	-0.021151066	0.01034081
12.0	-0.042577393	-0.04946234	-0.009579517	-0.021269232	-0.027393907	-0.032604873	0.024475694
15.0	-0.045589104	-0.047392905	-0.013192505	-0.028159589	-0.025205478	-0.025004953	0.016524106
18.0	-0.037233263	-0.0356972	-0.0057427883	-0.019390628	-0.0212719	-0.020749718	0.023741007
21.0	-0.024994165	-0.028954744	-0.010731988	-0.0054867715	-0.022781774	-0.02134487	0.02821958
24.0	-0.030775748	-0.017714456	0.0021610707	-0.009989649	-0.028728172	-0.024906754	0.030066103
27.0	-0.036425605	-0.01584351	-0.019194186	-0.0090761185	-0.028196573	-0.019832522	0.026333988
30.0	-0.027032852	-0.007572353	-0.04087478	-0.0053187907	-0.021394253	-0.015225619	0.026052862
33.0	-0.031252563	-0.010475025	-0.04330921	-0.027948141	-0.026394993	-0.026660055	0.025221556
36.0	-0.03357017	-0.01432693	-0.038021147	-0.011663109	-0.027800858	-0.018148988	0.018862218
39.0	-0.029454648	-0.013610177	-0.02287203	-0.017311096	-0.027653933	-0.025097787	0.024878532
42.0	-0.033557713	-0.020658255	-0.011228204	-0.019292325	-0.025298983	-0.020311415	0.022625536
45.0	-0.032901168	-0.029769123	-0.008168459	-0.01604703	-0.033996373	-0.031585574	0.014746666
48.0	-0.043086715	-0.035825916	-0.024478115	-0.025185078	-0.038883418	-0.030635238	0.019170702
51.0	-0.04799819	-0.024943225	-0.018906482	-0.018503338	-0.04165268	-0.03167832	0.0041205883
54.0	-0.06387616	-0.051116586	-0.02098713	-0.022140741	-0.0467726	-0.02963829	0.005705416
57.0	-0.059371457	-0.05506514	-0.035462737	-0.020299226	-0.04423344	-0.029854953	0.018637776
60.0	-0.056424215	-0.066736825	-0.03571882	-0.022858918	-0.04274726	-0.023911	0.004946649
63.0	-0.06514307	-0.0776104	-0.041040108	-0.021630704	-0.041089892	-0.02400744	-0.0046789646
66.0	-0.05920229	-0.072104886	-0.042270124	-0.021449268	-0.036240846	-0.0261572	0.010718346
69.0	-0.060749717	-0.0824141	-0.048711896	-0.012400508	-0.033848345	-0.025209546	0.0095514655
72.0	-0.07060796	-0.08324747	-0.05745796	-0.032681465	-0.031497866	-0.02167815	0.012309492
Compound=>['Drug-C_GeneOff', 'Drug-C', 'DMSO_Drug-C_GeneOff']	Drug-C 1.4 nM DMSO_Drug-C_GeneOff 0.1 % 	Drug-C 2.11 nM DMSO_Drug-C_GeneOff 0.1 % 	Drug-C 3.16 nM DMSO_Drug-C_GeneOff 0.1 % 	Drug-C 4.74 nM DMSO_Drug-C_GeneOff 0.1 % 	Drug-C 7.11 nM DMSO_Drug-C_GeneOff 0.1 % 	Drug-C 10.67 nM DMSO_Drug-C_GeneOff 0.1 % 	Drug-C 16.0 nM DMSO_Drug-C_GeneOff 0.1 % 
0.0	-0.091877505	0.007730663	0.022156954	0.003957033	-0.059680462	0.02845478	0.045333087
3.0	-0.0885309	0.004975669	0.015392005	0.011321008	-0.04946728	0.029953003	0.05418098
6.0	-0.07316935	0.004170455	0.025053024	0.019498646	-0.037239403	0.035240054	0.056133866
9.0	-0.07177393	-6.9633126e-05	0.018689394	0.020188391	-0.045179956	0.03438282	0.06539465
12.0	-0.071412705	-0.000291802	0.038622618	0.01749599	-0.046230562	0.051373184	0.075405456
15.0	-0.06498688	0.004860401	0.037415564	0.015107214	-0.04312756	0.054042578	0.073766395
18.0	-0.06884016	0.011364222	0.041046023	0.013352931	-0.0379754	0.0715791	0.071280465
21.0	-0.06462035	0.0020330548	0.03627175	0.009459317	-0.029850721	0.076291144	0.07697958
24.0	-0.05644273	0.001026988	0.03492576	0.007686019	-0.02157867	0.083061874	0.10582429
27.0	-0.060568675	-0.0043565035	0.032081842	0.0035492778	-0.018064678	0.08602542	0.112329245
30.0	-0.066118725	0.0003658533	0.040895343	0.011642039	-0.014175713	0.08885342	0.10254294
33.0	-0.06253802	-0.004222691	0.038095772	0.005376041	-0.014019132	0.10046345	0.09764704
36.0	-0.056625433	-0.0010120869	0.032329857	0.0036941767	-0.009580612	0.10445356	0.10773474
39.0	-0.048627697	0.0037093759	0.027926505	0.008161724	-0.004056394	0.11224121	0.10843842
42.0	-0.051398523	-0.008218944	0.01824981	4.0113926e-05	-0.009543538	0.11345291	0.10885075
45.0	-0.05308327	-0.0081835985	0.019661784	0.00051677227	-0.009369135	0.10697639	0.10697459
48.0	-0.049628355	-0.010237932	0.013859868	-0.0004428625	-0.01575023	0.109141946	0.106140226
51.0	-0.046746463	-0.0059977174	0.014488518	0.007484138	-0.005818486	0.11044693	0.115650624
54.0	-0.044534616	-0.015305996	0.010243237	-0.00028288364	-0.0064261556	0.10472715	0.13097045
57.0	-0.046345234	-0.015486419	0.0055137277	-0.008471668	-0.012540698	0.09513497	0.1284374
60.0	-0.047043845	-0.013125062	0.005308628	-0.0056160092	-0.012388706	0.09534997	0.14247195
63.0	-0.05106318	-0.012287617	0.002454877	-0.010765314	-0.020329773	0.08757353	0.14375013
66.0	-0.05624724	-0.014733434	-0.0034087896	-0.012189209	-0.027569711	0.07642281	0.14709872
69.0	-0.03755654	-0.0113322735	0.0046346784	-0.011337638	-0.017763913	0.07184881	0.16173562
72.0	-0.03602121	-0.014534593	0.0011642575	-0.01141274	-0.021969736	0.06390178	0.16089778
