This is 1 biological replicate. 

Cell line: MCF7
Compound name: BAY1895344
time_point	72.0
Concentration	Concentration log scale	confluency (%)	Std	IC	IC_concentration	statistcs- four parametersfit_curve,	EC 50	AUC	pop2 = > input max(data_for_plot), np.median(10 ** x_label_log), 0.05, min(data_for_plot)	
0.001	-3.0	100.0	3.285226	5	20.34497137239147	$R^2$ = 0.9572	EC_50 = 272.80 nM	140544.451	100.47440716544702 272.7954048210491 1.0401640322478405 13.530099076247364	
0.15	-0.8239087409443188	100.96345	5.2558	10	40.3471705645093	$X^2$ = 57.1	
0.33	-0.4814860601221125	109.64146	6.073559	15	62.659467028483746	Sum of squares = 624.38	
0.74	-0.13076828026902382	99.71189	5.439514	20	87.93680035583327		
1.66	0.22010808804005508	98.74544	6.1024	25	116.96351667655321	
3.7	0.568201724066995	105.553604	1.352017	30	150.76448719644722	
8.23	0.9153998352122699	95.43853	5.281948	35	190.73931895121038	
18.35	1.2636360685881083	80.59302	5.862253	40	238.87035371185755	
40.88	1.6115108871266564	88.841034	1.049158	45	298.0747971752121	
91.08	1.9594230219431052	80.17056	1.611677	50	372.84125425404113	
202.92	2.3073248536453668	76.64716	3.518632	55	470.4656135610576	
452.09	2.655224900768312	37.03585	3.203324	60	603.6722369494813	
1007.26	3.0031415877241145	27.869017	4.339887	65	796.8571677659378	
2244.17	3.351055752435047	23.292313	3.025904	70	1103.56886226728	
5000.0	3.6989700043360187	20.31056	1.272746	75	1669.099592674518	
				80	3078.3999588813317	
				85	13559.706486700996	
				90	nan	
				95	nan	

Cell line: MCF7
Compound name: MK-1775
time_point	72.0
Concentration	Concentration log scale	confluency (%)	Std	IC	IC_concentration	statistcs- four parametersfit_curve,	EC 50	AUC	pop2 = > input max(data_for_plot), np.median(10 ** x_label_log), 0.05, min(data_for_plot)	
0.001	-3.0	100.0	2.266268	5	259.454388131438	$R^2$ = 0.9896	EC_50 = 670.41 nM	680572.6922	104.22038255287671 670.4138360834365 2.2124200785535093 19.683557029427785	
45.7	1.6599162000698502	100.553154	0.1096277	10	325.5318638907592	$X^2$ = 3633.9	
75.88	1.8801273222166248	109.63866	0.6374114	15	385.6706194329592	Sum of squares = 212.98	
126.0	2.100370545117563	102.89508	0.7171249	20	443.85214068699673		
209.22	2.32060319775962	97.63444	5.966418	25	502.41733274320467	
347.4	2.54082981411108	91.33117	3.526913	30	563.2067956999357	
576.84	2.761055368176272	68.39988	0.9284175	35	628.0338898444297	
957.81	2.9812793669748574	41.76184	1.143975	40	699.0144068453711	
1590.41	3.201509097769514	32.45247	2.400171	45	778.9436007782416	
2640.81	3.4217371558756464	29.6774	0.9620864	50	871.8952343547912	
4384.95	3.641964645627282	27.491096	0.1312702	55	984.372848431011	
7281.01	3.8621916275276083	18.070438	1.619873	60	1127.8746383694108	
12089.8	4.082419116442672	17.352325	0.6086673	65	1325.6633420709886	
20074.6	4.302646900425265	16.026125	1.458499	70	1635.6806778896803	
33333.0	4.522874402313803	16.620298	0.7721984	75	2273.155477987893	
				80	8365.3245200455	
				85	nan	
				90	nan	
				95	nan	

Cell line: MCF7
Compound name: Prexasertib
time_point	72.0
Concentration	Concentration log scale	confluency (%)	Std	IC	IC_concentration	statistcs- four parametersfit_curve,	EC 50	AUC	pop2 = > input max(data_for_plot), np.median(10 ** x_label_log), 0.05, min(data_for_plot)	
0.001	-3.0	100.0	0.7340754	5	5.048193452478526	$R^2$ = 0.9683	EC_50 = 10.34 nM	222662.2185	102.8892405404521 10.343800159947833 2.5390010084282166 46.241979709759995	
1.4	0.146128035678238	101.33908	3.777043	10	6.39159975896944	$X^2$ = 95.0	
2.63	0.41995574848975786	105.44828	1.082978	15	7.628432730783803	Sum of squares = 272.41	
4.93	0.69284691927723	96.52687	5.743452	20	8.876028981124028		
9.25	0.9661417327390326	75.77698	3.716805	25	10.219580257784113	
17.35	1.2392994791268925	60.956375	2.065401	30	11.757357285598946	
32.55	1.5125509929042107	50.376045	3.57023	35	13.643809480445926	
61.08	1.7858990283843836	39.087837	1.993175	40	16.186877243132482	
114.6	2.059184617631371	48.523937	0.9563814	45	20.196655410931342	
215.03	2.3324990549181783	51.649075	0.9574388	50	29.308070813036117	
403.45	2.6057897198025644	53.931763	4.199714	55	nan	
756.98	2.8790844052538627	43.603596	2.146765	60	nan	
1420.3	3.152380087047603	48.96633	2.82563	65	nan	
2664.86	3.4256743980438094	43.446606	2.047897	70	nan	
5000.0	3.6989700043360187	39.06914	5.086995	75	nan	
				80	nan	
				85	nan	
				90	nan	
				95	nan	
